[backGroundImgURL.jpg]
filters=finetune2=1,0.830409,0.067368,0.053333,00000000,0.000000;
moddate=70846de43f9bd801
width=1351
height=807
textactive=0
