[backGroundImgURL.jpg]
filters=finetune2=1,0.321637,0.126316,0.033684,00000000,0.000000;
moddate=295e9706ed9bd801
width=1351
height=807
textactive=0
